1317
439
427
1075
132
210
93
422
1167
335
1341
1203
105
879
987
227
618
916
1123
331
328
664
924
138
223
1024
394
691
536
76
1029
570
775
1094
501
165
120
535
290
266
1388
614
962
228
583
783
1267
180
133
12
1096
442
1316
396
459
617
27
50
1258
1319
443
120
1135
411
813
902
915
607
617
1082
575
833
207
1083
1262
1195
76
1117
1029
954
149
1374
152
1087
1162
50
814
1355
1325
508
862
242
1296
1054
1220
851
14
733
779
1145
1332
651
1362
258
235
400
1184
400
1184
422
222
925
43
595
1391
60
36
150
370
345
69
247
1026
685
987
833
842
1148
576
128
93
116
615
438
654
1341
490
1023
901
3
236
1231
919
651
785
723
862
1338
199
199
826
194
550
759
303
450
866
226
1052
767
1258
732
154
1042
1233
1043
1093
48
207
571
1127
373
688
214
773
671
695
654
285
1330
884
834
751
676
986
757
234
764
17
707
693
440
791
536
428
1325
835
1317
435
1169
1382
1026
385
341
769
636
507
3
1221
600
40
974
1233
677
571
604
466
766
925
1001
515
1146
850
698
416
43
757
1095
217
1286
372
982
42
986
414
26
235
1221
306
272
1313
480
934
223
247
1001
773
68
786
1023
846
205
1145
1318
149
768
1120
309
1015
575
955
1153
746
354
461
1203
563
453
637
533
1378
1018
184
895
146
805
748
878
1343
730
1035
862
164
542
715
1070
939
146
110
215
75
184
1015
993
815
1168
1355
70
1209
1267
140
354
97
175
1042
921
1293
679
960
33
481
195
1075
58
917
265
775
444
1215
1381
180
490
90
571
1386
979
928
1303
97
330
583
668
576
236
5
911
198
946
571
1227
1154
177
688
230
628
503
452
739
882
520
652
209
293
15
797
60
1077
666
433
824
677
976
1172
1120
1107
520
345
631
716
981
864
228
636
872
702
1038
894
476
156
60
631
1131
1279
1393
1324
81
938
1396
1171
67
509
847
1106
33
418
573
603
674
77
757
1087
623
1021
798
425
413
281
902
104
451
952
479
222
749
557
1181
492
883
1114
293
1137
1334
20
1070
444
368
1283
71
1133
920
840
1104
583
444
667
218
343
657
30
1338
393
517
1310
542
431
784
1074
28
86
43
228
907
712
704
933
1335
1223
1039
1210
1201
398
442
644
466
608
521
431
1018
42
114
287
783
776
1036
451
374
36
1390
1210
1312
1137
459
319
862
963
341
256
831
1196
658
1208
360
623
649
256
1173
307
521
903
92
180
947
1157
805
1163
768
1060
1249
243
805
679
484
677
1156
1398
265
1284
1352
97
1336
410
208
1222
45
613
3
1337
956
138
429
1364
205
1353
886
1098
1320
1377
184
1194
196
311
779
889
722
399
412
397
1251
709
260
156
113
603
1377
756
33
1249
608
280
538
1316
847
786
780
1149
233
573
486
1012
141
779
333
156
666
7
824
1106
189
192
726
167
662
99
242
1057
931
1272
1227
1294
1317
880
1205
1314
279
429
873
875
1337
355
1084
1256
1163
329
1327
631
1114
164
933
384
1330
17
1293
860
243
392
1218
705
938
644
166
137
385
1335
1349
192
546
894
1042
822
632
186
1063
682
397
276
36
508
196
1340
1165
666
618
582
804
52
615
1323
1205
268
1070
718
266
517
426
1093
1236
115
1362
114
768
1293
341
673
859
1211
1149
1379
103
1383
1295
168
1057
480
509
863
445
601
772
327
584
1201
151
182
243
1390
564
313
706
1171
1290
1032
936
39
688
360
1320
504
935
278
25
635
1353
496
88
1386
754
745
941
138
1324
448
35
1318
1054
578
1281
137
508
1157
355
1050
1064
1235
187
98
964
672
1028
358
88
578
1103
251
1111
692
713
1021
1022
158
979
682
94
45
193
927
1044
1199
537
1326
1358
824
589
115
851
63
37
541
807
394
82
471
718
1380
1207
1337
509
1181
1072
813
447
306
1226
385
1296
955
335
1219
1174
482
75
130
296
316
1319
1003
21
1027
836
1292
986
877
620
534
429
1101
1110
671
795
395
1111
398
944
1121
996
173
1112
1388
134
852
1277
681
719
1228
1285
528
307
364
1107
948
881
55
1192
1329
1296
567
664
356
1259
904
875
1051
105
192
1226
595
1363
969
101
239
1268
1284
406
1329
957
1333
826
1321
1136
387
897
1369
1089
195
843
853
440
1255
824
188
1001
1311
803
807
1061
1000
1034
941
3
766
1124
67
163
198
620
330
1102
1116
731
1369
503
569
908
538
1399
1030
1198
163
945
309
1171
830
1299
955
1196
867
765
954
805
239
382
972
1353
1239
1257
1135
985
525
583
1030
235
400
1086
860
1219
43
613
1034
1109
277
981
799
1311
952
331
589
1102
867
74
177
220
1167
78
1238
823
827
866
1288
271
1110
351
1115
1183
275
1389
32
928
919
821
783
629
255
1131
322
487
1258
234
820
421
314
753
428
1028
713
960
216
1222
1350
1106
676
1217
540
962
827
1122
942
1224
953
315
651
365
973
1338
765
1281
1376
905
1072
815
1276
630
1255
1384
774
939
1175
869
1101
515
1168
1140
886
433
654
467
1269
1309
999
1353
626
1306
1041
955
1082
603
88
1236
1293
1360
339
606
66
295
280
1186
461
359
12
499
695
141
765
1034
399
597
326
1192
569
90
235
379
528
52
420
366
1093
319
963
454
571
108
757
659
1332
1011
569
174
472
846
49
243
876
218
210
1149
548
1306
387
342
1307
647
113
1253
132
1213
1144
1278
137
274
719
893
1369
1020
750
8
488
1031
1335
82
1105
816
1376
1319
923
850
215
1018
943
620
1210
734
197
2
5
161
929
150
727
657
279
964
1054
812
953
831
556
1202
1013
1111
1305
13
732
1132
1143
204
1028
417
228
1301
962
775
479
845
1149
982
519
865
465
535
204
49
879
1320
352
826
345
769
522
368
108
259
1154
288
1005
565
853
339
393
1387
996
797
896
934
789
762
82
1333
500
657
449
1143
236
1382
975
1042
74
1076
421
1019
697
853
743
1241
454
1071
647
77
214
767
1251
1032
1356
369
1264
673
1327
61
664
1203
1345
1347
1207
1213
1368
277
693
614
664
1173
740
727
352
1310
660
933
832
964
1151
965
742
128
479
1040
562
1297
50
225
17
168
1048
52
1037
1180
353
520
1251
826
1384
719
670
1168
613
1082
1175
474
564
492
663
203
266
1263
205
594
212
695
749
1296
977
206
490
1172
897
96
981
787
864
1374
900
817
1296
19
1398
478
308
184
194
1039
1140
769
903
752
1027
1042
1292
509
1288
155
146
434
1265
667
551
901
843
1338
292
565
725
112
967
190
46
165
899
530
669
687
673
828
429
1321
638
217
138
737
1059
906
128
659
632
275
1304
1142
155
298
625
1096
896
89
1396
522
683
79
301
831
708
1379
100
63
1061
1343
954
1241
659
1230
526
612
1242
12
254
959
1043
1365
379
10
662
510
79
527
1339
955
923
1351
246
226
176
1350
1250
622
620
1156
127
330
881
434
1114
834
947
1299
534
492
582
793
351
311
275
1005
774
984
324
341
745
158
1201
1013
764
650
1375
364
1260
860
835
1017
1044
483
1131
239
233
914
795
1227
65
1130
1008
766
176
311
204
396
748
75
365
796
235
596
1305
402
1247
1032
57
671
967
556
524
582
1347
73
953
1348
1247
1214
24
1029
723
15
294
474
910
578
1049
183
1122
958
1226
622
1065
741
621
760
256
220
87
1131
590
1077
698
933
180
1326
1364
351
1111
864
37
595
618
1048
750
383
1244
58
429
1040
429
115
320
464
114
239
74
1338
195
558
942
1177
1391
873
1130
735
341
168
154
1011
485
425
1016
847
188
97
383
1074
1303
337
809
604
454
825
1322
78
1147
1186
414
621
1369
842
510
809
759
847
648
944
345
498
415
35
876
377
1240
845
633
1310
438
334
414
1243
617
548
406
56
989
283
164
564
769
869
1396
1208
1267
1319
948
1163
704
1324
516
1064
189
152
232
448
498
928
97
416
480
1090
316
1310
944
52
602
243
978
1066
285
810
805
370
312
960
475
858
1206
68
365
549
1045
1319
595
823
25
1353
414
793
425
553
829
640
1260
543
120
493
439
374
1173
984
1187
603
342
958
181
635
165
679
105
986
890
458
564
244
782
1257
290
688
1020
1296
311
821
1306
1295
631
584
928
611
1185
1277
498
1244
970
744
408
856
37
1252
448
618
1317
1230
422
1176
288
1318
738
24
3
237
6
242
101
571
1
679
650
248
864
1266
213
417
1050
650
1217
42
1317
276
907
138
1380
626
1293
160
1244
90
839
462
120
390
311
1378
1228
573
739
1199
1112
391
700
1216
1302
693
909
10
706
1276
735
1393
119
32
1161
1065
856
820
586
844
1285
1098
908
1308
1240
1182
62
212
177
220
664
72
959
733
239
851
1234
706
261
235
221
353
37
1315
62
1213
92
1325
322
1349
1347
601
222
880
1120
1329
748
110
806
1078
128
825
1155
169
441
602
1324
513
1299
912
1333
637
631
1083
1043
1389
682
1063
1307
850
767
892
1375
1284
216
847
927
1256
1126
24
1166
436
373
1074
556
505
507
25
836
1326
346
692
1270
528
1165
380
1173
309
652
1296
406
963
101
991
1258
1360
978
1040
1352
915
1032
608
1188
428
576
1313
497
381
216
906
1025
413
159
269
644
718
333
164
862
1099
553
374
219
447
113
960
512
1349
608
425
245
804
195
814
1288
1008
1149
738
951
939
148
1019
1117
158
315
1273
687
610
709
302
959
856
1152
816
179
1342
1166
526
1254
714
381
326
622
944
465
202
712
541
1331
104
188
628
1075
1022
236
634
1392
880
865
1155
1079
1216
74
1106
219
1235
722
459
1162
1199
286
979
99
748
1239
1325
718
1377
706
859
188
888
801
925
28
1331
593
291
1052
1274
418
190
551
579
1302
507
695
1373
9
1387
1247
569
625
934
1168
31
598
627
556
393
1311
315
441
926
240
99
592
190
287
1326
981
220
215
769
569
30
1173
1300
833
985
528
242
330
554
670
169
1067
302
863
383
536
932
5
759
118
675
994
1190
1294
652
1364
672
268
1006
216
979
673
797
772
999
578
487
144
822
437
1185
507
388
337
434
1156
947
957
926
889
1067
939
921
1098
873
400
344
1357
969
636
584
1089
743
1244
140
118
498
584
326
1030
624
58
354
1340
261
823
427
1173
95
822
774
87
463
1365
1347
458
1280
473
1276
1164
1033
1314
157
595
27
905
1110
223
1104
1232
1023
284
1338
1377
956
238
92
635
90
1005
1382
751
859
915
1098
218
16
92
1125
189
991
130
614
421
90
655
19
620
53
1280
784
756
1098
562
869
342
1280
335
1220
764
852
1151
1069
1046
408
336
952
123
865
1366
746
704
97
166
582
678
420
1244
400
641
1262
1030
861
1144
325
209
878
874
685
288
818
1388
281
959
665
893
118
1338
1063
391
1226
333
144
918
397
706
988
198
990
285
1017
591
553
569
109
1319
998
1032
758
145
196
1118
564
618
402
76
381
1312
450
490
1222
834
753
1006
886
1344
202
175
609
25
309
448
1091
1383
1324
59
424
250
462
1379
1124
541
495
188
263
565
64
561
144
35
1000
293
356
1126
362
408
260
3
665
67
291
815
860
656
1140
496
99
59
169
676
1218
65
532
351
1004
870
190
727
511
748
1315
425
1072
770
494
558
522
489
267
177
71
1301
594
1025
516
339
1138
888
159
1372
488
1202
1231
968
780
936
957
47
330
481
1093
1331
815
246
178
1182
1025
241
1093
1312
1298
782
1004
592
672
1086
26
595
1082
129
356
1161
364
659
1226
767
269
595
684
1274
829
448
1256
516
298
381
633
687
1247
812
1372
133
690
535
742
1208
168
901
625
693
917
890
1157
339
321
1311
1354
1049
803
658
1128
1232
765
297
479
768
1081
462
1312
28
1373
907
1103
1090
465
67
52
391
924
947
366
1308
98
1218
1284
941
604
525
1097
4
138
930
1217
192
1369
430
649
445
1110
1283
359
546
626
1190
640
627
1365
1032
68
885
854
204
931
489
402
1235
245
152
1078
1223
540
531
405
64
728
567
1282
723
1299
868
203
712
1251
983
838
378
199
1365
932
852
1374
968
927
48
193
342
146
717
296
263
79
309
770
1391
370
1293
412
1193
722
1085
422
700
877
361
1376
573
874
694
755
210
305
431
694
160
667
859
488
1102
429
1054
1128
734
76
808
1003
1269
624
270
175
1380
621
1282
912
734
665
90
349
564
699
154
1192
973
1187
953
512
702
1128
1264
1305
906
367
798
544
716
442
283
1284
1188
333
426
1386
1301
731
536
652
627
858
692
205
216
140
30
1205
1124
911
563
748
106
163
168
780
575
1267
288
810
86
1274
1024
900
1014
932
180
1322
1202
463
1254
185
267
400
1006
117
346
860
828
942
1254
865
1153
185
839
784
1295
1369
378
1174
635
1058
839
438
1241
951
539
833
74
545
442
1038
225
101
1341
1269
1054
532
1183
898
642
424
437
369
345
1109
879
352
1119
123
728
384
344
936
837
1318
92
111
780
605
834
360
130
1318
760
485
563
161
678
886
65
831
373
173
457
284
735
244
670
626
1119
992
1216
509
71
1305
288
959
153
32
1044
340
28
1299
891
492
366
367
539
1004
869
732
621
707
895
382
1092
1340
26
1278
70
371
79
371
1195
255
356
569
612
1338
1130
252
139
216
157
757
1016
860
33
696
5
737
29
827
1091
429
1176
363
165
409
222
228
1050
1122
499
386
22
144
345
936
1087
1249
1390
621
37
1335
890
1037
415
139
952
664
431
336
800
849
1090
515
591
973
287
620
271
37
625
244
778
34
967
507
646
98
779
870
145
805
1257
1261
1027
603
752
696
754
12
930
1045
1188
59
811
894
301
166
707
925
963
1134
606
541
225
232
1300
295
352
910
200
606
993
239
72
272
519
1138
224
1274
715
833
1330
1178
1074
844
1397
832
1367
1172
213
671
899
29
380
1107
340
76
70
386
282
260
1280
164
1214
928
1242
1
953
285
917
108
1
829
1030
983
1131
1323
14
1195
111
1303
617
1321
19
6
390
366
818
1180
62
1022
680
1141
1261
43
78
448
509
282
940
510
1136
183
142
616
271
713
1398
857
511
780
562
75
890
263
1338
950
194
709
125
1007
293
735
30
991
536
1039
491
775
1212
186
276
1062
840
757
514
615
461
1031
1071
227
975
433
1337
1017
864
819
206
768
1023
915
1222
573
172
732
626
5
317
114
1042
869
310
1016
210
179
170
662
1002
396
1040
342
859
519
550
243
1213
976
683
1346
570
952
919
430
19
639
110
856
2
1348
562
397
1206
443
1260
1089
652
1387
153
47
640
1010
1022
28
1247
596
149
1339
854
318
445
143
190
1228
351
697
1181
395
452
593
1296
1307
1166
498
154
826
115
1055
429
1297
616
1175
500
1105
555
91
1314
279
1281
1118
831
904
1257
185
504
1048
55
690
1214
1129
1237
1325
1072
1046
54
1008
747
1073
595
490
691
560
1297
809
1270
1239
368
567
653
983
8
886
117
318
880
292
810
884
1024
927
825
1
994
526
1381
776
803
980
222
330
679
449
756
1072
983
24
1285
880
18
570
234
844
359
673
1211
1068
47
214
1138
332
335
802
891
784
568
1050
408
650
1400
228
759
1334
1177
45
600
1228
136
928
1032
474
981
329
26
497
887
508
810
1315
926
154
379
774
303
765
1028
71
404
416
289
1386
165
485
466
490
140
462
709
1327
512
814
148
444
1140
1332
952
157
331
773
1122
832
932
1035
1055
425
963
451
60
35
723
1290
56
1232
983
543
41
478
1343
235
671
892
749
759
1262
1299
10
481
747
515
125
741
993
34
7
103
584
677
143
771
782
1334
33
755
1382
281
489
972
429
851
1312
102
455
654
1116
645
836
1171
645
30
1174
647
1006
942
413
785
365
881
1204
251
612
878
359
164
326
1397
1249
77
1153
225
340
187
903
375
428
82
908
642
1076
574
575
488
326
661
313
291
764
892
319
1163
789
475
249
1290
1370
1136
1248
148
361
942
1349
157
969
392
507
556
874
265
1393
565
210
933
589
953
562
236
691
260
1110
1144
885
741
1210
423
1194
719
1153
815
370
247
148
515
703
1266
1286
255
365
911
818
1135
1336
456
351
685
665
937
763
1005
918
543
63
134
793
441
1273
1065
1045
1397
1029
1004
1369
1051
442
280
1098
992
1275
234
594
797
2
1217
90
40
337
486
1163
898
465
588
252
1345
1271
592
1248
36
282
996
836
509
556
792
542
847
104
932
1319
281
580
1309
307
181
1045
446
321
1093
1168
794
511
1034
176
1374
193
1116
344
1040
1388
251
88
884
683
571
355
1020
1311
96
1119
753
203
1015
431
1065
1280
722
1336
1082
273
430
1126
18
306
127
1392
545
307
889
18
617
491
153
1366
337
731
518
511
639
463
363
138
1341
882
1326
226
927
1106
447
89
1261
868
392
936
722
641
1225
725
449
217
261
114
1173
462
529
1334
1251
57
1157
37
986
140
1342
181
882
1386
817
803
434
221
1211
799
502
262
1035
254
1214
37
729
681
614
242
722
1343
308
867
1102
1027
777
753
455
610
1349
417
627
897
952
518
1230
151
815
997
722
339
1351
331
769
1367
1336
1237
52
338
823
550
682
1354
900
959
1241
1246
1183
369
26
1268
770
222
523
692
1373
695
1206
477
612
1396
1389
758
1149
215
677
916
822
598
1
1062
58
755
1271
932
955
1366
139
1101
730
521
83
1220
770
761
145
1141
1172
244
1081
393
1191
1081
492
784
518
1015
1351
120
1364
281
441
499
1248
874
114
88
809
1182
340
558
358
1265
2
235
567
1325
669
71
1380
1213
47
113
460
64
600
272
147
22
1250
720
1215
386
1378
1363
1355
601
501
1091
677
439
80
422
718
1173
463
155
48
164
886
1105
1214
892
501
1165
1128
363
336
640
744
240
354
1103
1121
908
577
841
26
495
914
427
838
596
801
1251
1291
815
1400
250
1073
469
788
1367
1286
845
1342
1073
1286
383
1065
1087
629
115
128
547
183
450
168
1194
1200
15
159
1221
404
600
224
251
361
989
191
1151
438
413
100
218
738
473
743
648
1085
164
549
480
1238
949
1135
161
514
778
1161
786
1006
1232
173
591
1233
994
882
285
24
1269
759
814
694
380
1079
216
381
1295
246
232
607
1346
184
618
1053
10
541
910
426
617
358
257
276
480
936
452
1118
1008
847
118
1322
1274
457
710
1178
1331
1071
1120
944
492
1214
122
376
731
1303
498
1093
103
1147
1276
1181
1172
19
974
927
459
967
1352
203
473
752
1207
672
887
563
271
1333
0
1182
329
747
1244
1227
1105
1109
10
1254
863
1056
248
57
207
32
789
383
804
928
230
1070
52
1000
223
280
665
5
32
1165
1326
1172
134
1356
1038
223
902
55
1062
668
927
35
1129
1285
1065
653
299
740
1143
86
740
1353
963
639
1181
820
792
707
1075
961
293
1268
88
664
21
152
780
1191
1276
1217
5
1263
1115
839
460
1041
920
1160
109
428
675
735
219
234
263
1314
274
525
325
12
619
143
853
289
200
1096
1036
1277
1248
641
262
1290
87
122
1353
1153
165
211
614
430
843
786
929
794
354
1171
1078
813
120
1083
1127
947
783
772
1057
250
17
950
676
745
582
141
665
106
83
479
1013
949
1060
81
1320
682
856
140
828
318
650
850
753
362
10
1383
1243
714
708
314
992
259
676
1086
491
246
823
282
527
1328
518
387
1027
474
765
727
549
494
988
672
1203
22
729
1307
1118
1112
311
695
251
406
43
129
173
784
560
708
742
205
729
210
1142
662
261
1246
946
557
217
212
1088
859
1347
764
1035
643
1322
255
1202
235
615
1222
1063
323
691
938
355
833
152
618
1182
1239
114
1088
1143
1367
949
954
540
195
192
723
1101
78
1391
1168
398
515
978
1054
1137
702
313
1255
369
1237
167
1105
694
141
1054
537
1032
429
455
1116
1096
1188
302
1050
373
1014
920
507
1161
829
1088
58
1332
862
974
1193
1280
1328
1313
1054
475
1239
17
346
1220
1260
1198
899
624
580
419
570
105
1012
515
541
396
374
149
706
809
369
1189
1038
175
915
1082
1310
807
897
946
1194
777
385
169
1335
525
260
343
1014
1335
1024
727
1137
341
1347
1397
1011
227
165
818
185
173
1361
1088
1350
1297
76
795
277
885
610
1284
543
983
564
1254
179
333
73
367
992
204
1053
1269
1249
1342
155
579
46
227
1324
1302
457
896
703
877
205
222
147
1273
1187
901
1253
868
38
1211
224
769
1352
611
1202
766
530
720
1198
147
505
371
198
669
327
480
1299
1194
768
953
371
1098
1362
987
422
221
700
868
329
188
157
849
1061
807
1016
183
510
748
775
207
1279
995
639
1333
242
548
1331
206
91
592
1073
746
1298
410
587
1118
1175
708
618
704
904
664
603
416
1332
1289
773
558
551
127
1030
1190
1361
284
1319
408
1263
513
41
1309
1066
1287
845
360
988
541
1219
654
373
659
630
904
634
420
1266
1218
1135
670
413
1357
364
421
1009
1348
603
661
586
76
44
520
72
432
912
1066
785
886
1146
291
1355
649
168
439
396
528
1022
1218
958
89
668
766
743
329
213
447
959
253
535
784
893
725
81
597
414
90
1098
661
1171
901
625
1336
1195
160
709
1063
174
293
637
663
518
271
1160
155
545
1152
70
1280
697
1171
324
1225
676
754
1295
168
71
676
278
267
81
966
786
1399
806
966
650
790
1072
158
248
530
786
326
157
217
1247
145
316
910
505
815
1180
1347
920
1231
688
1038
1231
956
200
379
262
813
580
1361
545
1256
26
1062
1213
1183
1273
949
1385
818
98
1264
359
421
59
1233
607
182
345
1307
1034
415
1140
315
206
967
1062
280
1193
1122
1343
1207
814
560
146
874
915
325
1037
678
116
233
856
516
1014
560
1042
259
62
928
1398
154
786
1034
843
289
152
548
296
666
559
287
870
98
213
1275
612
23
241
716
523
1353
51
319
152
374
48
745
226
1148
853
1005
432
1169
147
270
728
876
1131
229
367
228
557
1073
455
449
680
373
170
700
1063
774
1077
1153
832
779
1294
332
1227
143
604
886
500
905
568
1119
619
56
1025
1259
115
793
886
436
1053
313
757
1129
1207
1397
22
495
443
363
1297
841
246
402
800
1030
1305
24
1089
312
1356
205
131
87
860
1108
917
1375
355
1134
106
975
132
821
741
1070
2
1346
1209
1351
340
843
698
1334
1110
836
328
1271
1392
356
749
1258
698
731
1238
952
937
5
632
851
319
824
1239
867
257
621
1391
903
1026
181
1039
90
877
416
63
688
9
118
80
389
998
278
1018
1158
1180
231
924
225
784
632
1204
935
582
241
56
777
1085
329
1383
72
1198
476
690
196
104
225
1053
1095
603
1228
464
543
201
516
594
774
797
1160
205
355
1368
816
1034
626
814
1269
742
1370
1215
874
1113
1038
236
932
439
667
6
1071
243
294
50
132
762
535
18
1113
1305
670
78
433
675
245
413
10
1342
409
943
324
806
1113
747
579
1265
588
523
601
465
854
791
650
1035
560
1178
836
951
183
417
1243
1072
582
731
16
1290
571
1270
11
445
1319
1357
1127
534
178
842
263
84
238
366
534
667
994
100
1364
968
1107
739
1098
858
833
1107
1131
1337
1114
32
97
584
917
169
691
161
929
1392
1098
1132
413
1348
664
121
422
485
1016
595
626
162
1015
915
44
402
1038
246
1275
1221
1251
541
880
135
1022
1211
1014
639
343
1080
1194
26
154
1027
747
235
507
642
181
1098
975
1296
330
251
536
25
620
700
753
863
1112
524
347
1232
445
1289
737
732
208
1136
409
790
938
1322
235
334
1236
810
99
567
314
1055
396
247
1372
1368
430
1144
872
873
206
717
399
437
578
642
961
680
1254
1344
1201
293
674
276
118
1231
549
139
1260
553
87
365
147
1034
84
88
414
775
627
1149
966
1065
166
883
74
810
120
1366
181
1220
899
1319
1393
1140
611
580
749
1169
204
441
708
1090
379
328
863
921
1037
946
1253
75
409
192
583
1367
617
874
690
956
243
128
313
821
959
1128
1276
651
585
478
173
246
1125
869
1057
765
1353
174
131
651
306
635
747
212
1131
517
478
1025
734
814
764
108
914
814
1354
644
1381
113
381
183
1025
833
1274
723
529
66
1280
909
1382
1020
1033
505
828
736
1005
694
1110
673
411
262
1179
150
639
392
241
777
1129
554
619
798
69
1074
1291
1251
402
1113
572
737
333
1271
1272
585
726
1043
538
1130
843
317
1162
1312
305
765
1183
58
395
876
528
1174
151
869
521
746
812
1071
624
366
656
1285
147
607
1030
655
1287
152
553
329
1206
990
23
407
56
1137
1221
203
1056
1056
1338
1195
985
1019
601
1363
344
835
1008
1386
1267
257
891
1352
53
1146
62
149
839
931
1131
1276
469
599
1169
139
135
57
103
128
354
513
1132
1027
1033
21
852
117
429
304
1366
518
1373
106
490
1027
441
764
1015